0.0 0.039137933 0.013493758 0.022594674 0.019281736 0.036361728 0.014201089 0.011971121 0.02263732 0.06033472
0.039137933 0.0 0.02838079 0.037085094 0.027909309 0.01234684 0.029109336 0.034108076 0.05634697 0.098479755
0.013493758 0.02838079 0.0 0.011747896 0.01052434 0.022867968 0.005943943 0.013213967 0.02796618 0.073055394
0.022594674 0.037085094 0.011747896 0.0 0.018898344 0.028133696 0.011975755 0.017509038 0.03461233 0.082929395
0.019281736 0.027909309 0.01052434 0.018898344 0.0 0.024540463 0.01394037 0.020710457 0.031835783 0.07689503
0.036361728 0.01234684 0.022867968 0.028133696 0.024540463 0.0 0.027668022 0.033134677 0.045754444 0.09496792
0.014201089 0.029109336 0.005943943 0.011975755 0.01394037 0.027668022 0.0 0.007270024 0.031410124 0.07397142
0.011971121 0.034108076 0.013213967 0.017509038 0.020710457 0.033134677 0.007270024 0.0 0.02818015 0.07031293
0.02263732 0.05634697 0.02796618 0.03461233 0.031835783 0.045754444 0.031410124 0.02818015 0.0 0.051243525
0.06033472 0.098479755 0.073055394 0.082929395 0.07689503 0.09496792 0.07397142 0.07031293 0.051243525 0.0
