0.0 0.009164757 0.012246689 0.026853744 0.009242724 0.01126445 0.013439738 0.004333523 0.008625734 0.026253287 0.031052247 0.019191187 0.072925
0.009164757 0.0 0.013767846 0.023506861 0.01590748 0.016429204 0.022604495 0.011663706 0.01779049 0.035418045 0.040217005 0.028355943 0.07926942
0.012246689 0.013767846 0.0 0.022802169 0.014600744 0.013679557 0.019035041 0.0114508895 0.018103799 0.030731682 0.03452718 0.024176225 0.08004505
0.026853744 0.023506861 0.022802169 0.0 0.031941798 0.029963527 0.03863881 0.027890334 0.034757283 0.05145236 0.05625132 0.04439026 0.09977874
0.009242724 0.01590748 0.014600744 0.031941798 0.0 0.0032668961 0.006697016 0.011558862 0.003503055 0.019510563 0.024309523 0.012448464 0.068199664
0.01126445 0.016429204 0.013679557 0.029963527 0.0032668961 0.0 0.008675287 0.0133925015 0.00555903 0.021488836 0.026287796 0.014482633 0.07036602
0.013439738 0.022604495 0.019035041 0.03863881 0.006697016 0.008675287 0.0 0.013574998 0.0048140045 0.013370155 0.017612508 0.0068001403 0.06268353
0.004333523 0.011663706 0.0114508895 0.027890334 0.011558862 0.0133925015 0.013574998 0.0 0.011237063 0.026945153 0.028553298 0.020375138 0.076258525
0.008625734 0.01779049 0.018103799 0.034757283 0.003503055 0.00555903 0.0048140045 0.011237063 0.0 0.017627552 0.022426512 0.010565452 0.06502146
0.026253287 0.035418045 0.030731682 0.05145236 0.019510563 0.021488836 0.013370155 0.026945153 0.017627552 0.0 0.008977459 0.0070621003 0.050672155
0.031052247 0.040217005 0.03452718 0.05625132 0.024309523 0.026287796 0.017612508 0.028553298 0.022426512 0.008977459 0.0 0.012924527 0.048290834
0.019191187 0.028355943 0.024176225 0.04439026 0.012448464 0.014482633 0.0068001403 0.020375138 0.010565452 0.0070621003 0.012924527 0.0 0.055883385
0.072925 0.07926942 0.08004505 0.09977874 0.068199664 0.07036602 0.06268353 0.076258525 0.06502146 0.050672155 0.048290834 0.055883385 0.0
